Country,,Year,DV_VA,DV_domestic_credit,DV_pvd_ls,DV_nonfinance,DV_nonfinanceplus,nfc_ls,DV_hh_ls,IV_lending,IV_gov_exp,IV_trade_balance,IV_fdi_outflow%,C_M2,C_m2plus,C_NFL,C_REER,C_cpi,C_cpiplus,C_fdi_inflow%,C_gdp,C_gdpplus
Australia,Year,1.0,0.8419448504778564,0.9130876228761897,0.9611534995718032,-0.44352879124738487,-0.19899240426353096,0.7840199069121623,0.9669913732195884,0.30634086255182724,0.9433764585946047,-0.08621315547872983,-0.16524351750090302,0.8725735416140163,0.26680075534205966,,-0.15870245043361542,-0.3270806555978554,-0.02216751530342237,0.516924470716719,0.977490597173139,-0.3224217297135815
Australia,DV_VA,0.8419448504778564,1.0,0.759219492930544,,-0.3096926913659983,-0.06073366083802493,,,0.3021320200265915,,-0.23634900029332326,0.07934822065076497,0.786611317767792,-0.202501421099459,,0.2260036049147818,-0.5552948263691216,0.1491389014237338,0.2683760406542672,0.816800160335196,0.22675916410317626
Australia,DV_domestic_credit,0.9130876228761897,0.759219492930544,1.0,,-0.44948095684347433,-0.1980960409812824,,,0.25643571579943353,,-0.10288260815878619,-0.17076736268336143,0.9914851727716851,0.23712086958507989,,0.036849485223847525,-0.4843460703385599,-0.06276636689383563,0.5468234236751915,0.969517934176334,-0.2748993943933805
Australia,DV_pvd_ls,0.9611534995718032,,,1.0,,,0.8425541573458063,0.9735021165441071,,,,,,,,,,,,,
Australia,DV_nonfinance,-0.44352879124738487,-0.3096926913659983,-0.44948095684347433,,1.0,-0.12781668801901563,,,-0.34337967499175925,,0.5100978568326301,0.05749022957374691,-0.4291233048482391,-0.17010096858899973,,-0.3142188707509505,0.047910906527478876,-0.006140631551296177,-0.2659749405801685,-0.41910239781732933,0.1551993178689625
Australia,DV_nonfinanceplus,-0.19899240426353096,-0.06073366083802493,-0.1980960409812824,,-0.12781668801901563,1.0,,,0.15360593984213033,,0.13357334810256372,-0.03906983077096588,-0.20733478168450487,0.034510398609545696,,-0.4220688982129392,-0.18428010450345383,-0.13689148231738746,-0.12663386207818544,-0.2405590218409615,0.2157337560310572
Australia,nfc_ls,0.7840199069121623,,,0.8425541573458063,,,1.0,0.6970596226627852,,,,,,,,,,,,,
Australia,DV_hh_ls,0.9669913732195884,,,0.9735021165441071,,,0.6970596226627852,1.0,,,,,,,,,,,,,
Australia,IV_lending,0.30634086255182724,0.3021320200265915,0.25643571579943353,,-0.34337967499175925,0.15360593984213033,,,1.0,,-0.34885508375830315,0.05930819230217772,0.28685028448248273,0.2910896119254114,,-0.37954234522031205,-0.37624327091020215,0.13443371630729187,0.17240518062756807,0.3168454044283897,0.289209592410869
Australia,IV_gov_exp,0.9433764585946047,,,,,,,,,1.0,,,,,,,,,,,
Australia,IV_trade_balance,-0.08621315547872983,-0.23634900029332326,-0.10288260815878619,,0.5100978568326301,0.13357334810256372,,,-0.34885508375830315,,1.0,-0.026346605286402806,-0.0838115569297285,-0.3966395218583213,,-0.08513790832684516,0.05838541325014704,0.035431918486338844,-0.07308996079169286,-0.26545897790878037,-0.15560959867401675
Australia,IV_fdi_outflow%,-0.16524351750090302,0.07934822065076497,-0.17076736268336143,,0.05749022957374691,-0.03906983077096588,,,0.05930819230217772,,-0.026346605286402806,1.0,-0.18417180662269308,0.11547240406305201,,-0.23442444056518766,0.13419276966747926,0.04007097053646433,0.4829350399689577,-0.14079528556523951,0.2329886653641027
Australia,C_M2,0.8725735416140163,0.786611317767792,0.9914851727716851,,-0.4291233048482391,-0.20733478168450487,,,0.28685028448248273,,-0.0838115569297285,-0.18417180662269308,1.0,0.2294844540974923,,0.07042028078784578,-0.5148152920802737,-0.03854279839629993,0.531338930104069,0.9460264332488748,-0.23823145519251065
Australia,C_m2plus,0.26680075534205966,-0.202501421099459,0.23712086958507989,,-0.17010096858899973,0.034510398609545696,,,0.2910896119254114,,-0.3966395218583213,0.11547240406305201,0.2294844540974923,1.0,,-0.26006427903523355,-0.30748139774942407,-0.008971478825966894,0.1649182084706667,0.28188634355917963,0.27789847756460295
Australia,C_NFL,,,,,,,,,,,,,,,,,,,,,
Australia,C_REER,-0.15870245043361542,0.2260036049147818,0.036849485223847525,,-0.3142188707509505,-0.4220688982129392,,,-0.37954234522031205,,-0.08513790832684516,-0.23442444056518766,0.07042028078784578,-0.26006427903523355,,1.0,0.4437850262565283,-0.06938053158707319,-0.07508956895991734,-0.034081270417757624,-0.27781930085455747
Australia,C_cpi,-0.3270806555978554,-0.5552948263691216,-0.4843460703385599,,0.047910906527478876,-0.18428010450345383,,,-0.37624327091020215,,0.05838541325014704,0.13419276966747926,-0.5148152920802737,-0.30748139774942407,,0.4437850262565283,1.0,0.2092873104775905,-0.3272931737741726,-0.37349779294192503,-0.28799504911617824
Australia,C_cpiplus,-0.02216751530342237,0.1491389014237338,-0.06276636689383563,,-0.006140631551296177,-0.13689148231738746,,,0.13443371630729187,,0.035431918486338844,0.04007097053646433,-0.03854279839629993,-0.008971478825966894,,-0.06938053158707319,0.2092873104775905,1.0,0.054115846815261354,-0.12525585335973025,0.022807580789836298
Australia,C_fdi_inflow%,0.516924470716719,0.2683760406542672,0.5468234236751915,,-0.2659749405801685,-0.12663386207818544,,,0.17240518062756807,,-0.07308996079169286,0.4829350399689577,0.531338930104069,0.1649182084706667,,-0.07508956895991734,-0.3272931737741726,0.054115846815261354,1.0,0.5200671284183214,-0.06288941412097464
Australia,C_gdp,0.977490597173139,0.816800160335196,0.969517934176334,,-0.41910239781732933,-0.2405590218409615,,,0.3168454044283897,,-0.26545897790878037,-0.14079528556523951,0.9460264332488748,0.28188634355917963,,-0.034081270417757624,-0.37349779294192503,-0.12525585335973025,0.5200671284183214,1.0,-0.2527267270528149
Australia,C_gdpplus,-0.3224217297135815,0.22675916410317626,-0.2748993943933805,,0.1551993178689625,0.2157337560310572,,,0.289209592410869,,-0.15560959867401675,0.2329886653641027,-0.23823145519251065,0.27789847756460295,,-0.27781930085455747,-0.28799504911617824,0.022807580789836298,-0.06288941412097464,-0.2527267270528149,1.0
Austria,Year,1.0,-0.6777588637835544,0.4300638374145068,0.9925355425314256,0.7834931893046135,0.13782346917555655,0.8863580679322833,0.7624917721554622,0.45591085772154855,0.938123120314752,-0.0030157742837859194,0.2593070826008463,,0.0,,0.6861331842547231,-0.5044417174559385,-0.03622110369374275,0.16380369506348225,0.9954150845730736,0.15347242083785698
Austria,DV_VA,-0.6777588637835544,1.0,-0.3373061122969513,,-0.7124158633084879,-0.017184352022933266,,,-0.458374495699919,,0.23670341940574763,-0.10816657829026832,,,,0.08076235299237063,0.22649717214674933,-0.018579650330849726,-0.034011919735068105,-0.7059691944167755,0.1703180353747502
Austria,DV_domestic_credit,0.4300638374145068,-0.3373061122969513,1.0,,0.7280888729618099,-0.14588704273449302,,,-0.4215314285491386,,-0.5366191213009802,-0.044432831521576184,,,,-0.16427507591168408,0.0002664646416628508,-0.0668303627013536,-0.1406225386542204,0.4346401247208703,-0.3987284363974277
Austria,DV_pvd_ls,0.9925355425314256,,,1.0,,,0.9880148362226036,0.9376666883281312,,,,,,,,,,,,,
Austria,DV_nonfinance,0.7834931893046135,-0.7124158633084879,0.7280888729618099,,1.0,0.00400045786168076,,,-0.1020086907385097,,-0.20314179454271633,-0.16599829233016794,,,,-0.012652643980895476,-0.010028998722850593,-0.0631012927393994,-0.25005386248948763,0.7695723411488369,-0.5038087035538581
Austria,DV_nonfinanceplus,0.13782346917555655,-0.017184352022933266,-0.14588704273449302,,0.00400045786168076,1.0,,,0.17614451598829106,,0.4118344219401477,0.547933737810916,,-2.4443333926761924e-17,,0.04085754827750232,-0.0622665817023858,0.11438706240553514,0.5049741764270974,0.16556289548312184,0.03513553192176518
Austria,nfc_ls,0.8863580679322833,,,0.9880148362226036,,,1.0,0.8727833296698385,,,,,,,,,,,,,
Austria,DV_hh_ls,0.7624917721554622,,,0.9376666883281312,,,0.8727833296698385,1.0,,,,,,,,,,,,,
Austria,IV_lending,0.45591085772154855,-0.458374495699919,-0.4215314285491386,,-0.1020086907385097,0.17614451598829106,,,1.0,,0.33313615713255806,0.10972992588199589,,,,-0.3405317171113825,0.14655933749345795,0.17818420223377343,0.07648261825982501,0.4965611834815832,0.17140081494065293
Austria,IV_gov_exp,0.938123120314752,,,,,,,,,1.0,,,,,,,,,,,
Austria,IV_trade_balance,-0.0030157742837859194,0.23670341940574763,-0.5366191213009802,,-0.20314179454271633,0.4118344219401477,,,0.33313615713255806,,1.0,-0.024707898771744643,,,,0.22976906784617476,-0.03464568935137516,-0.016986354870278792,-0.060939347789134596,0.21378758895165206,0.08391048183117028
Austria,IV_fdi_outflow%,0.2593070826008463,-0.10816657829026832,-0.044432831521576184,,-0.16599829233016794,0.547933737810916,,,0.10972992588199589,,-0.024707898771744643,1.0,,,,0.10855474339597428,-0.13198792357549677,0.08622257394137917,0.9739627695671731,0.3027556730919446,0.03913488383037854
Austria,C_M2,,,,,,,,,,,,,,,,,,,,,
Austria,C_m2plus,0.0,,,,,-2.4443333926761924e-17,,,,,,,,1.0,,,1.3059386936038198e-16,-1.3305117836372783e-17,,,4.934330225952714e-17
Austria,C_NFL,,,,,,,,,,,,,,,,,,,,,
Austria,C_REER,0.6861331842547231,0.08076235299237063,-0.16427507591168408,,-0.012652643980895476,0.04085754827750232,,,-0.3405317171113825,,0.22976906784617476,0.10855474339597428,,,,1.0,-0.6966066268475165,-0.13222206610496193,0.08864538861735399,0.6454613680426051,0.34388053109545125
Austria,C_cpi,-0.5044417174559385,0.22649717214674933,0.0002664646416628508,,-0.010028998722850593,-0.0622665817023858,,,0.14655933749345795,,-0.03464568935137516,-0.13198792357549677,,1.3059386936038198e-16,,-0.6966066268475165,1.0,0.26522177023763066,-0.09942597929092652,-0.7099370942896895,-0.04144929888139801
Austria,C_cpiplus,-0.03622110369374275,-0.018579650330849726,-0.0668303627013536,,-0.0631012927393994,0.11438706240553514,,,0.17818420223377343,,-0.016986354870278792,0.08622257394137917,,-1.3305117836372783e-17,,-0.13222206610496193,0.26522177023763066,1.0,0.06042851758587882,0.013323350281812741,-0.047004041990887
Austria,C_fdi_inflow%,0.16380369506348225,-0.034011919735068105,-0.1406225386542204,,-0.25005386248948763,0.5049741764270974,,,0.07648261825982501,,-0.060939347789134596,0.9739627695671731,,,,0.08864538861735399,-0.09942597929092652,0.06042851758587882,1.0,0.20032636151097416,0.03153821719219156
Austria,C_gdp,0.9954150845730736,-0.7059691944167755,0.4346401247208703,,0.7695723411488369,0.16556289548312184,,,0.4965611834815832,,0.21378758895165206,0.3027556730919446,,,,0.6454613680426051,-0.7099370942896895,0.013323350281812741,0.20032636151097416,1.0,0.19040632397048146
Austria,C_gdpplus,0.15347242083785698,0.1703180353747502,-0.3987284363974277,,-0.5038087035538581,0.03513553192176518,,,0.17140081494065293,,0.08391048183117028,0.03913488383037854,,4.934330225952714e-17,,0.34388053109545125,-0.04144929888139801,-0.047004041990887,0.03153821719219156,0.19040632397048146,1.0
Belgium,Year,1.0,0.21758170311531508,0.7490391289661182,0.9362750111438597,0.14527495943921995,0.21076425009752475,0.9636951870171924,0.952240817985612,-0.14004095127508945,0.907906604682276,-0.482305537659059,0.3043700348383271,,0.0,,-0.1089948299974005,-0.3060831361106637,-0.00017983043839968438,0.2914379460854627,0.9952682957653153,0.16213084954190207
Belgium,DV_VA,0.21758170311531508,1.0,0.47316232468115715,,0.27803709443670893,0.057550014909919366,,,-0.42461560706788143,,-0.10314855973188673,-0.34180107062199466,,,,-0.052744547171939465,-0.1759035858044012,-0.013624770131400924,-0.2854829851304366,0.12608787280378866,0.01936311040262307
Belgium,DV_domestic_credit,0.7490391289661182,0.47316232468115715,1.0,,0.4974756744473483,-0.1290604997097962,,,-0.16272329042458758,,-0.18697579263541217,-0.3824258232576453,,,,0.07269071232424769,-0.3804932446804895,0.06752540327005245,-0.42347086695755726,0.6979662627850742,-0.11084015280518558
Belgium,DV_pvd_ls,0.9362750111438597,,,1.0,,,0.9979319657354881,0.9643352745023527,,,,,,,,,,,,,
Belgium,DV_nonfinance,0.14527495943921995,0.27803709443670893,0.4974756744473483,,1.0,0.25318524227280625,,,-0.4382153260792655,,-0.3105303396819988,-0.4880589968425988,,,,0.2065001584399236,-0.25044390255338944,-0.37016046519096696,-0.5055415263930656,0.07031718494459761,-0.3215008922497579
Belgium,DV_nonfinanceplus,0.21076425009752475,0.057550014909919366,-0.1290604997097962,,0.25318524227280625,1.0,,,0.047500628906585525,,0.2760471638535261,-0.05401597717096103,,6.903934448884067e-17,,0.048361678864553476,-0.16262492632098083,-0.20787625165985904,-0.06821908974363274,0.16152544845738312,0.049091011219395325
Belgium,nfc_ls,0.9636951870171924,,,0.9979319657354881,,,1.0,0.945327386500887,,,,,,,,,,,,,
Belgium,DV_hh_ls,0.952240817985612,,,0.9643352745023527,,,0.945327386500887,1.0,,,,,,,,,,,,,
Belgium,IV_lending,-0.14004095127508945,-0.42461560706788143,-0.16272329042458758,,-0.4382153260792655,0.047500628906585525,,,1.0,,0.43545734797846164,0.31947022587046703,,,,-0.5637011257697234,0.150809208263217,0.10420780830877793,0.23305546622893997,-0.07022815048193831,0.48296689094998496
Belgium,IV_gov_exp,0.907906604682276,,,,,,,,,1.0,,,,,,,,,,,
Belgium,IV_trade_balance,-0.482305537659059,-0.10314855973188673,-0.18697579263541217,,-0.3105303396819988,0.2760471638535261,,,0.43545734797846164,,1.0,-0.32114014036863975,,,,-0.6065973112901077,-0.44525727518385355,-0.04178309100065825,-0.16438032609450737,-0.5167453007478964,0.3859327033724823
Belgium,IV_fdi_outflow%,0.3043700348383271,-0.34180107062199466,-0.3824258232576453,,-0.4880589968425988,-0.05401597717096103,,,0.31947022587046703,,-0.32114014036863975,1.0,,,,-0.19061964059845007,-0.20311413280718676,0.3443684762644687,0.9652621039846392,0.3208228071902472,0.0747228286686749
Belgium,C_M2,,,,,,,,,,,,,,,,,,,,,
Belgium,C_m2plus,0.0,,,,,6.903934448884067e-17,,,,,,,,1.0,,,-2.4099597132152726e-16,-2.6093211206021497e-18,,,8.916324388887745e-18
Belgium,C_NFL,,,,,,,,,,,,,,,,,,,,,
Belgium,C_REER,-0.1089948299974005,-0.052744547171939465,0.07269071232424769,,0.2065001584399236,0.048361678864553476,,,-0.5637011257697234,,-0.6065973112901077,-0.19061964059845007,,,,1.0,0.16960863879184204,-0.05641747123613591,-0.1759771766645311,-0.0677105482850562,0.030122573818490362
Belgium,C_cpi,-0.3060831361106637,-0.1759035858044012,-0.3804932446804895,,-0.25044390255338944,-0.16262492632098083,,,0.150809208263217,,-0.44525727518385355,-0.20311413280718676,,-2.4099597132152726e-16,,0.16960863879184204,1.0,0.19502311545045914,-0.20950795800003302,-0.6436133978628722,0.0072462646951564035
Belgium,C_cpiplus,-0.00017983043839968438,-0.013624770131400924,0.06752540327005245,,-0.37016046519096696,-0.20787625165985904,,,0.10420780830877793,,-0.04178309100065825,0.3443684762644687,,-2.6093211206021497e-18,,-0.05641747123613591,0.19502311545045914,1.0,0.3570934832382959,0.059997237931294196,0.009011210031332225
Belgium,C_fdi_inflow%,0.2914379460854627,-0.2854829851304366,-0.42347086695755726,,-0.5055415263930656,-0.06821908974363274,,,0.23305546622893997,,-0.16438032609450737,0.9652621039846392,,,,-0.1759771766645311,-0.20950795800003302,0.3570934832382959,1.0,0.30798284237163953,0.07348344945836542
Belgium,C_gdp,0.9952682957653153,0.12608787280378866,0.6979662627850742,,0.07031718494459761,0.16152544845738312,,,-0.07022815048193831,,-0.5167453007478964,0.3208228071902472,,,,-0.0677105482850562,-0.6436133978628722,0.059997237931294196,0.30798284237163953,1.0,0.17745242851652032
Belgium,C_gdpplus,0.16213084954190207,0.01936311040262307,-0.11084015280518558,,-0.3215008922497579,0.049091011219395325,,,0.48296689094998496,,0.3859327033724823,0.0747228286686749,,8.916324388887745e-18,,0.030122573818490362,0.0072462646951564035,0.009011210031332225,0.07348344945836542,0.17745242851652032,1.0
Brazil,Year,1.0,-0.7335501760744924,0.6426568469472309,-0.016237334531873572,,,0.12507152887857093,0.8224690895933854,-0.08361892064912863,0.3533185801053127,-0.046679213851004785,0.17337452643050436,0.8052778467822426,0.17135062969774334,,-0.5893801550423332,-0.3652683859445914,-0.1030161047953602,0.7314977265330652,0.963184275220375,0.12071696231592785
Brazil,DV_VA,-0.7335501760744924,1.0,-0.6977898508020997,,,,,,-0.6063311572436583,,0.02298442664877673,-0.27910937226412696,-0.7354639538707534,-0.5362676812099646,,0.0436540357871316,0.6478346290864143,-0.7310438305726251,-0.3902811844349776,-0.48558969302285426,-0.15451629230699407
Brazil,DV_domestic_credit,0.6426568469472309,-0.6977898508020997,1.0,,,,,,-0.17880576951515648,,0.15233059311470865,-0.06460794766034218,0.84999214450533,0.5647900068335178,,-0.3864814388677347,0.4357661335972079,0.14336769728936358,0.09342202674643359,0.944059762666349,0.01189104493586895
Brazil,DV_pvd_ls,-0.016237334531873572,,,1.0,,,0.8723302145960121,0.8753298992889954,,,,,,,,,,,,,
Brazil,DV_nonfinance,,,,,,,,,,,,,,,,,,,,,
Brazil,DV_nonfinanceplus,,,,,,,,,,,,,,,,,,,,,
Brazil,nfc_ls,0.12507152887857093,,,0.8723302145960121,,,1.0,0.5271724682018292,,,,,,,,,,,,,
Brazil,DV_hh_ls,0.8224690895933854,,,0.8753298992889954,,,0.5271724682018292,1.0,,,,,,,,,,,,,
Brazil,IV_lending,-0.08361892064912863,-0.6063311572436583,-0.17880576951515648,,,,,,1.0,,0.09692859976415927,0.23744974052339793,-0.1836933494756459,-0.3448950765484343,,0.4467508382860161,-0.3618983525914619,-0.182920723501996,-0.26579214864054607,0.09635826873909911,0.00809289529826132
Brazil,IV_gov_exp,0.3533185801053127,,,,,,,,,1.0,,,,,,,,,,,
Brazil,IV_trade_balance,-0.046679213851004785,0.02298442664877673,0.15233059311470865,,,,,,0.09692859976415927,,1.0,0.2442401611193257,0.06332806203913703,0.22694257168629786,,-0.14454332617800364,0.14416245344872608,0.06123780952202092,-0.25169797109810876,-0.6246306523715849,-0.06230566669705496
Brazil,IV_fdi_outflow%,0.17337452643050436,-0.27910937226412696,-0.06460794766034218,,,,,,0.23744974052339793,,0.2442401611193257,1.0,0.17634734452970063,-0.1197418218435439,,0.2910413704470145,-0.2239571977374514,-0.12295667301367856,0.2378805416868447,0.0581978869939421,0.0402769827177502
Brazil,C_M2,0.8052778467822426,-0.7354639538707534,0.84999214450533,,,,,,-0.1836933494756459,,0.06332806203913703,0.17634734452970063,1.0,0.37570753412292524,,-0.3695928883335662,0.026912385464894883,0.017911521706129207,0.5350068566973881,0.9173595863821964,0.04591740039046192
Brazil,C_m2plus,0.17135062969774334,-0.5362676812099646,0.5647900068335178,,,,,,-0.3448950765484343,,0.22694257168629786,-0.1197418218435439,0.37570753412292524,1.0,,-0.12979583095119698,0.4933935690503236,0.3763446660244773,-0.017785937462693642,-0.1878528270650669,0.03636565122343973
Brazil,C_NFL,,,,,,,,,,,,,,,,,,,,,
Brazil,C_REER,-0.5893801550423332,0.0436540357871316,-0.3864814388677347,,,,,,0.4467508382860161,,-0.14454332617800364,0.2910413704470145,-0.3695928883335662,-0.12979583095119698,,1.0,0.15409531337550006,-0.008111870598331542,-0.24224490828868303,0.7974023144899419,-0.07521647643953833
Brazil,C_cpi,-0.3652683859445914,0.6478346290864143,0.4357661335972079,,,,,,-0.3618983525914619,,0.14416245344872608,-0.2239571977374514,0.026912385464894883,0.4933935690503236,,0.15409531337550006,1.0,0.21042411597465807,-0.5288259900553095,-0.263810961311003,-0.09545142332066937
Brazil,C_cpiplus,-0.1030161047953602,-0.7310438305726251,0.14336769728936358,,,,,,-0.182920723501996,,0.06123780952202092,-0.12295667301367856,0.017911521706129207,0.3763446660244773,,-0.008111870598331542,0.21042411597465807,1.0,-0.02909271572578817,0.034779533593793065,0.05259801842816096
Brazil,C_fdi_inflow%,0.7314977265330652,-0.3902811844349776,0.09342202674643359,,,,,,-0.26579214864054607,,-0.25169797109810876,0.2378805416868447,0.5350068566973881,-0.017785937462693642,,-0.24224490828868303,-0.5288259900553095,-0.02909271572578817,1.0,0.16596584645403298,0.3451997823210685
Brazil,C_gdp,0.963184275220375,-0.48558969302285426,0.944059762666349,,,,,,0.09635826873909911,,-0.6246306523715849,0.0581978869939421,0.9173595863821964,-0.1878528270650669,,0.7974023144899419,-0.263810961311003,0.034779533593793065,0.16596584645403298,1.0,-0.39097835775572826
Brazil,C_gdpplus,0.12071696231592785,-0.15451629230699407,0.01189104493586895,,,,,,0.00809289529826132,,-0.06230566669705496,0.0402769827177502,0.04591740039046192,0.03636565122343973,,-0.07521647643953833,-0.09545142332066937,0.05259801842816096,0.3451997823210685,-0.39097835775572826,1.0
Canada,Year,1.0,0.5660064868779977,0.9352777776874798,0.9746628610808701,,,0.8974004435043138,0.9504560624774618,0.6589357358021227,0.8811326634328108,-0.11838331790860133,0.7610492315695057,0.8475281714252926,-0.10607884300114624,,-0.5068038055043586,-0.1902613299961003,-0.035736614955495585,0.35973306551369444,0.9910072030919077,0.08641965838236529
Canada,DV_VA,0.5660064868779977,1.0,0.8046219395831222,,,,,,-0.08596306579806161,,-0.17606057943489942,0.13240934858755957,0.5453213713900767,-0.33179501356546975,,0.4288209099051314,-0.10233128921186842,-0.12944613721067233,0.09571790761836033,0.6161700352273971,0.24097646708213516
Canada,DV_domestic_credit,0.9352777776874798,0.8046219395831222,1.0,,,,,,0.6994778070697217,,0.8317247745275419,0.728049694062994,0.9574617856241013,-0.16122392113111914,,-0.5040673205876416,-0.24232546141186892,-0.08145836286339932,0.3720448682113032,0.8336112844268515,0.11292649916999546
Canada,DV_pvd_ls,0.9746628610808701,,,1.0,,,0.9452148381395087,0.9719231533692695,,,,,,,,,,,,,
Canada,DV_nonfinance,,,,,,,,,,,,,,,,,,,,,
Canada,DV_nonfinanceplus,,,,,,,,,,,,,,,,,,,,,
Canada,nfc_ls,0.8974004435043138,,,0.9452148381395087,,,1.0,0.8418632405367511,,,,,,,,,,,,,
Canada,DV_hh_ls,0.9504560624774618,,,0.9719231533692695,,,0.8418632405367511,1.0,,,,,,,,,,,,,
Canada,IV_lending,0.6589357358021227,-0.08596306579806161,0.6994778070697217,,,,,,1.0,,0.22693058317981382,0.831839568734527,0.6424034742261151,-0.13597610485482253,,-0.4835130841709567,-0.3465117363107379,0.15917999941718952,0.655263502346194,-0.38757575520898707,0.05337912170048765
Canada,IV_gov_exp,0.8811326634328108,,,,,,,,,1.0,,,,,,,,,,,
Canada,IV_trade_balance,-0.11838331790860133,-0.17606057943489942,0.8317247745275419,,,,,,0.22693058317981382,,1.0,0.1140865045242293,0.8546562373300326,-0.07386376281568385,,-0.2779474601577321,0.037331607790866486,0.03580152999137202,0.22355317551636522,-0.758430122836416,0.03424381527299013
Canada,IV_fdi_outflow%,0.7610492315695057,0.13240934858755957,0.728049694062994,,,,,,0.831839568734527,,0.1140865045242293,1.0,0.6236720838151938,-0.11160866274553591,,-0.6436338130702263,-0.5559980345568758,0.01795922687027705,0.6565382909508577,-0.1747772444051151,0.01987914125961918
Canada,C_M2,0.8475281714252926,0.5453213713900767,0.9574617856241013,,,,,,0.6424034742261151,,0.8546562373300326,0.6236720838151938,1.0,-0.03682545169639019,,-0.48927852034344316,-0.2469283260329143,-0.07591749348601369,0.25325200422855243,0.5278875508543952,0.1634497309798476
Canada,C_m2plus,-0.10607884300114624,-0.33179501356546975,-0.16122392113111914,,,,,,-0.13597610485482253,,-0.07386376281568385,-0.11160866274553591,-0.03682545169639019,1.0,,-0.11165180314930094,0.09908993206956655,0.0012155927886440103,-0.4162481275430092,-0.1255396881919873,-0.10905253047316991
Canada,C_NFL,,,,,,,,,,,,,,,,,,,,,
Canada,C_REER,-0.5068038055043586,0.4288209099051314,-0.5040673205876416,,,,,,-0.4835130841709567,,-0.2779474601577321,-0.6436338130702263,-0.48927852034344316,-0.11165180314930094,,1.0,0.44919102259780885,0.0008224940836594829,-0.24544347334239386,0.5360065427361814,0.07634070123654885
Canada,C_cpi,-0.1902613299961003,-0.10233128921186842,-0.24232546141186892,,,,,,-0.3465117363107379,,0.037331607790866486,-0.5559980345568758,-0.2469283260329143,0.09908993206956655,,0.44919102259780885,1.0,0.19844163408249643,-0.312824041618609,-0.17841553001010713,0.005621219755296407
Canada,C_cpiplus,-0.035736614955495585,-0.12944613721067233,-0.08145836286339932,,,,,,0.15917999941718952,,0.03580152999137202,0.01795922687027705,-0.07591749348601369,0.0012155927886440103,,0.0008224940836594829,0.19844163408249643,1.0,0.11645481939994172,0.033790854973099006,0.04934095409026234
Canada,C_fdi_inflow%,0.35973306551369444,0.09571790761836033,0.3720448682113032,,,,,,0.655263502346194,,0.22355317551636522,0.6565382909508577,0.25325200422855243,-0.4162481275430092,,-0.24544347334239386,-0.312824041618609,0.11645481939994172,1.0,-0.15590785019028675,0.16169207319075835
Canada,C_gdp,0.9910072030919077,0.6161700352273971,0.8336112844268515,,,,,,-0.38757575520898707,,-0.758430122836416,-0.1747772444051151,0.5278875508543952,-0.1255396881919873,,0.5360065427361814,-0.17841553001010713,0.033790854973099006,-0.15590785019028675,1.0,0.3122266767621894
Canada,C_gdpplus,0.08641965838236529,0.24097646708213516,0.11292649916999546,,,,,,0.05337912170048765,,0.03424381527299013,0.01987914125961918,0.1634497309798476,-0.10905253047316991,,0.07634070123654885,0.005621219755296407,0.04934095409026234,0.16169207319075835,0.3122266767621894,1.0
Chile,Year,1.0,0.3551896221656485,0.7318666220485756,0.8697909325584214,,,0.6113656232039563,0.9916260536197655,-0.6409640776219954,0.9050618870563011,0.4278207071206514,0.7156098756119196,0.9318331071156396,-0.22480153273040462,0.07854146714363763,0.46675000741226225,-0.5273429903288086,-0.0992632827014707,0.7808375133406266,0.9969672919365086,0.1496467988944744
Chile,DV_VA,0.3551896221656485,1.0,0.4543705836340282,,,,,,-0.6473611075382183,,-0.4163531205143131,0.38977375709842105,0.21404131682297017,0.11091865343172101,0.5521231150352394,0.25591706534638337,0.020966167036434762,-0.22645921608463693,0.13161993160581345,0.3598548432436336,-0.34534255128228625
Chile,DV_domestic_credit,0.7318666220485756,0.4543705836340282,1.0,,,,,,-0.6525966680470958,,0.033064246479169085,0.2517945211845749,0.6690285837282366,-0.17290343248877918,-0.15075438843483466,0.035181733714968674,-0.3454913567406123,-0.06102346217538748,0.3096357012018934,0.2816890535104416,-0.14071813374590647
Chile,DV_pvd_ls,0.8697909325584214,,,1.0,,,0.9546441064706114,0.8507285665471515,,,,,,,,,,,,,
Chile,DV_nonfinance,,,,,,,,,,,,,,,,,,,,,
Chile,DV_nonfinanceplus,,,,,,,,,,,,,,,,,,,,,
Chile,nfc_ls,0.6113656232039563,,,0.9546441064706114,,,1.0,0.6556444231134311,,,,,,,,,,,,,
Chile,DV_hh_ls,0.9916260536197655,,,0.8507285665471515,,,0.6556444231134311,1.0,,,,,,,,,,,,,
Chile,IV_lending,-0.6409640776219954,-0.6473611075382183,-0.6525966680470958,,,,,,1.0,,0.6495395731473234,-0.26713150819139164,-0.18210048025432926,0.29700344120201794,-0.7900828734966536,-0.06665038637473746,0.37619056884898233,0.4064690251588294,0.07793666228961263,-0.5695868564564274,0.6975362139537176
Chile,IV_gov_exp,0.9050618870563011,,,,,,,,,1.0,,,,,,,,,,,
Chile,IV_trade_balance,0.4278207071206514,-0.4163531205143131,0.033064246479169085,,,,,,0.6495395731473234,,1.0,0.2662765271444862,0.477111209073639,-0.22724220474521653,-0.20906286230030413,0.00253508825091849,-0.17537295256743488,0.08626615054462825,0.3717027009371134,0.28148942078963846,0.08532330445380856
Chile,IV_fdi_outflow%,0.7156098756119196,0.38977375709842105,0.2517945211845749,,,,,,-0.26713150819139164,,0.2662765271444862,1.0,0.669968136456643,-0.09393089214504023,0.2704131781890803,0.3670519937243373,-0.30253416005426115,-0.011151914325625853,0.8483968289416077,0.6562735337988452,0.14725588050860983
Chile,C_M2,0.9318331071156396,0.21404131682297017,0.6690285837282366,,,,,,-0.18210048025432926,,0.477111209073639,0.669968136456643,1.0,-0.12384701910141199,0.08652489235135319,-0.16872565402941728,-0.4931567993500733,-0.038035770139053675,0.7346605567069944,0.8475055120296995,0.1251288430987187
Chile,C_m2plus,-0.22480153273040462,0.11091865343172101,-0.17290343248877918,,,,,,0.29700344120201794,,-0.22724220474521653,-0.09393089214504023,-0.12384701910141199,1.0,0.15416536446425835,-0.18948196697626085,-0.01123347357818054,0.11479034449035917,-0.1412355551919521,-0.052744778737256,0.029151766766300918
Chile,C_NFL,0.07854146714363763,0.5521231150352394,-0.15075438843483466,,,,,,-0.7900828734966536,,-0.20906286230030413,0.2704131781890803,0.08652489235135319,0.15416536446425835,1.0,0.5753132185122064,0.23807608753659243,0.15506156470982457,-0.1110190876149472,0.8759822008307385,0.004060785277441421
Chile,C_REER,0.46675000741226225,0.25591706534638337,0.035181733714968674,,,,,,-0.06665038637473746,,0.00253508825091849,0.3670519937243373,-0.16872565402941728,-0.18948196697626085,0.5753132185122064,1.0,0.003686655333161454,0.10814047590753281,0.21196941015647255,0.52258057143284,0.1729143803212656
Chile,C_cpi,-0.5273429903288086,0.020966167036434762,-0.3454913567406123,,,,,,0.37619056884898233,,-0.17537295256743488,-0.30253416005426115,-0.4931567993500733,-0.01123347357818054,0.23807608753659243,0.003686655333161454,1.0,0.1330324747744713,-0.43324559482630753,-0.7662999010833361,-0.04699975879503093
Chile,C_cpiplus,-0.0992632827014707,-0.22645921608463693,-0.06102346217538748,,,,,,0.4064690251588294,,0.08626615054462825,-0.011151914325625853,-0.038035770139053675,0.11479034449035917,0.15506156470982457,0.10814047590753281,0.1330324747744713,1.0,-0.085977310697072,0.08772461897241239,0.08950737168331886
Chile,C_fdi_inflow%,0.7808375133406266,0.13161993160581345,0.3096357012018934,,,,,,0.07793666228961263,,0.3717027009371134,0.8483968289416077,0.7346605567069944,-0.1412355551919521,-0.1110190876149472,0.21196941015647255,-0.43324559482630753,-0.085977310697072,1.0,0.47981062512551864,0.17574075342496978
Chile,C_gdp,0.9969672919365086,0.3598548432436336,0.2816890535104416,,,,,,-0.5695868564564274,,0.28148942078963846,0.6562735337988452,0.8475055120296995,-0.052744778737256,0.8759822008307385,0.52258057143284,-0.7662999010833361,0.08772461897241239,0.47981062512551864,1.0,0.1773037658779709
Chile,C_gdpplus,0.1496467988944744,-0.34534255128228625,-0.14071813374590647,,,,,,0.6975362139537176,,0.08532330445380856,0.14725588050860983,0.1251288430987187,0.029151766766300918,0.004060785277441421,0.1729143803212656,-0.04699975879503093,0.08950737168331886,0.17574075342496978,0.1773037658779709,1.0
China (People's Republic of),Year,1.0,0.8740922468547014,0.956594161814708,0.9101376540889882,,,0.9648523193855151,0.9857642816891014,0.5681149541143886,-0.35285857274775984,0.8193698404004278,0.7949784257153784,0.9942541212508097,-0.11282539328693562,0.3247983437994726,-0.8176409556869676,-0.5281832367504162,0.013722683760705024,0.450215497907524,0.8863533034632038,0.173714521746918
China (People's Republic of),DV_VA,0.8740922468547014,1.0,0.8195381180743231,,,,,,0.4711123950105313,,0.6653657122058693,0.7719326226879383,0.8101839528569441,0.02191591456026684,0.7477108236773768,-0.7727434112240681,-0.1406723256032877,-0.07435914311850476,0.4049573859795384,0.8015791631656992,0.20838446953428771
China (People's Republic of),DV_domestic_credit,0.956594161814708,0.8195381180743231,1.0,,,,,,0.32287588756772134,,0.6946899747904517,0.8013024449377859,0.9613597446318477,-0.3229118914815085,0.0430109041915717,-0.6543951866729255,-0.5422974380879079,-0.010407243699522513,0.2864966810581246,0.9047509353741333,-0.41733677387238194
China (People's Republic of),DV_pvd_ls,0.9101376540889882,,,1.0,,,0.9946188195126727,0.979217441374118,,,,,,,,,,,,,
China (People's Republic of),DV_nonfinance,,,,,,,,,,,,,,,,,,,,,
China (People's Republic of),DV_nonfinanceplus,,,,,,,,,,,,,,,,,,,,,
China (People's Republic of),nfc_ls,0.9648523193855151,,,0.9946188195126727,,,1.0,0.9529362114474126,,,,,,,,,,,,,
China (People's Republic of),DV_hh_ls,0.9857642816891014,,,0.979217441374118,,,0.9529362114474126,1.0,,,,,,,,,,,,,
China (People's Republic of),IV_lending,0.5681149541143886,0.4711123950105313,0.32287588756772134,,,,,,1.0,,0.7187783506976448,0.4988902678348509,0.44064648345427965,-0.2427013156742106,-0.06946553752403511,0.3259630026188987,0.08232800753967594,0.02027931368650924,-0.15101312754984708,0.6169816199158505,0.3044867255577434
China (People's Republic of),IV_gov_exp,-0.35285857274775984,,,,,,,,,1.0,,,,,,,,,,,
China (People's Republic of),IV_trade_balance,0.8193698404004278,0.6653657122058693,0.6946899747904517,,,,,,0.7187783506976448,,1.0,0.7570256026195353,0.7861093239747277,-0.3351070211207868,-0.5021311989426502,-0.30832994663004787,-0.38957478842353915,-0.055193602572112054,0.15574562263132147,0.8926575022180511,-0.19964872822473148
China (People's Republic of),IV_fdi_outflow%,0.7949784257153784,0.7719326226879383,0.8013024449377859,,,,,,0.4988902678348509,,0.7570256026195353,1.0,0.800331656885359,-0.307088233953576,0.24243441241547511,-0.5104588792188287,-0.3084935645098848,0.04958968321694073,0.3028697011458599,0.8312836195598549,-0.16434520981852657
China (People's Republic of),C_M2,0.9942541212508097,0.8101839528569441,0.9613597446318477,,,,,,0.44064648345427965,,0.7861093239747277,0.800331656885359,1.0,-0.3376285616225453,0.07862487320124727,-0.7266061220325509,-0.5861361133368129,-0.01725830913511516,0.46524264486352807,0.9057400458688201,-0.28105670346879497
China (People's Republic of),C_m2plus,-0.11282539328693562,0.02191591456026684,-0.3229118914815085,,,,,,-0.2427013156742106,,-0.3351070211207868,-0.307088233953576,-0.3376285616225453,1.0,0.17069978678518768,-0.10623483496878487,-0.20311117162184955,-0.30159365391014,-0.3887591492698707,-0.12052010425621261,0.09483339477887451
China (People's Republic of),C_NFL,0.3247983437994726,0.7477108236773768,0.0430109041915717,,,,,,-0.06946553752403511,,-0.5021311989426502,0.24243441241547511,0.07862487320124727,0.17069978678518768,1.0,-0.5577433766966884,0.5181227037914689,-0.010831286079764961,0.38950181722774174,0.011210659093786646,0.2632928577874061
China (People's Republic of),C_REER,-0.8176409556869676,-0.7727434112240681,-0.6543951866729255,,,,,,0.3259630026188987,,-0.30832994663004787,-0.5104588792188287,-0.7266061220325509,-0.10623483496878487,-0.5577433766966884,1.0,0.186006597390648,-0.037406810187576224,-0.7146908599199653,-0.5178720173484073,-0.4756578677896141
China (People's Republic of),C_cpi,-0.5281832367504162,-0.1406723256032877,-0.5422974380879079,,,,,,0.08232800753967594,,-0.38957478842353915,-0.3084935645098848,-0.5861361133368129,-0.20311117162184955,0.5181227037914689,0.186006597390648,1.0,0.24681862591169484,0.09867874933140704,-0.42130585611036864,0.32509125747830514
China (People's Republic of),C_cpiplus,0.013722683760705024,-0.07435914311850476,-0.010407243699522513,,,,,,0.02027931368650924,,-0.055193602572112054,0.04958968321694073,-0.01725830913511516,-0.30159365391014,-0.010831286079764961,-0.037406810187576224,0.24681862591169484,1.0,0.05791553783324341,-0.0212203862853594,0.2697584334910876
China (People's Republic of),C_fdi_inflow%,0.450215497907524,0.4049573859795384,0.2864966810581246,,,,,,-0.15101312754984708,,0.15574562263132147,0.3028697011458599,0.46524264486352807,-0.3887591492698707,0.38950181722774174,-0.7146908599199653,0.09867874933140704,0.05791553783324341,1.0,0.2756329051675205,0.3467928171727628
China (People's Republic of),C_gdp,0.8863533034632038,0.8015791631656992,0.9047509353741333,,,,,,0.6169816199158505,,0.8926575022180511,0.8312836195598549,0.9057400458688201,-0.12052010425621261,0.011210659093786646,-0.5178720173484073,-0.42130585611036864,-0.0212203862853594,0.2756329051675205,1.0,0.10674921990398183
China (People's Republic of),C_gdpplus,0.173714521746918,0.20838446953428771,-0.41733677387238194,,,,,,0.3044867255577434,,-0.19964872822473148,-0.16434520981852657,-0.28105670346879497,0.09483339477887451,0.2632928577874061,-0.4756578677896141,0.32509125747830514,0.2697584334910876,0.3467928171727628,0.10674921990398183,1.0
Denmark,Year,1.0,0.6907134805037596,0.8627320511768313,0.9304129075286871,0.5458325411819213,-0.14873031868152645,0.9341306900530656,0.8483201479960365,0.035194697355695824,0.8864636000147501,0.9456834082806422,0.29952395022255135,0.7799756860792283,-0.004720315003020219,,0.8341509113332831,-0.7785570706827155,-0.12250152437658177,0.12221550922887893,0.9930276026050202,0.1348446145253579
Denmark,DV_VA,0.6907134805037596,1.0,0.7623082629834156,,0.27597160552776495,-0.3472874530376663,,,-0.2895650088316445,,0.7654136225878986,-0.06647632868840156,0.7230072318567723,-0.008454611597709166,,0.5717190424952978,-0.4729009290153762,-0.049210491674815046,-0.2501821474061078,0.6415136247131087,-0.2374998720759489
Denmark,DV_domestic_credit,0.8627320511768313,0.7623082629834156,1.0,,0.3642489331963815,-0.25329591517814515,,,0.165242634690094,,0.8594366406621069,0.22347709595578516,0.6398088049473056,0.03570557134682267,,0.7099525417538779,-0.6105314533498216,-0.08085791072120936,0.022192349100464286,0.8696140919183789,0.0065797537824191215
Denmark,DV_pvd_ls,0.9304129075286871,,,1.0,,,0.9858765829829768,0.9836267332278346,,,,,,,,,,,,,
Denmark,DV_nonfinance,0.5458325411819213,0.27597160552776495,0.3642489331963815,,1.0,0.2451342748012968,,,-0.3720023291759231,,0.7041216103353536,-0.20773344360653115,0.1968312522548806,-0.10889408837899407,,0.08617377255460217,-0.4359203659577109,-0.27430687869088977,-0.180730070113815,0.4020023623611376,-0.0011157988685473299
Denmark,DV_nonfinanceplus,-0.14873031868152645,-0.3472874530376663,-0.25329591517814515,,0.2451342748012968,1.0,,,0.19036927066098108,,-0.08625953693759596,0.0014536544478399372,-0.25098490942084245,-0.17213597004131076,,-0.2510537778685426,0.12160887731858913,0.2771621403037116,0.01909496482696234,-0.1341966977885138,0.11833077691352362
Denmark,nfc_ls,0.9341306900530656,,,0.9858765829829768,,,1.0,0.9395528650537657,,,,,,,,,,,,,
Denmark,DV_hh_ls,0.8483201479960365,,,0.9836267332278346,,,0.9395528650537657,1.0,,,,,,,,,,,,,
Denmark,IV_lending,0.035194697355695824,-0.2895650088316445,0.165242634690094,,-0.3720023291759231,0.19036927066098108,,,1.0,,-0.17010356549532657,0.39103350025788797,-0.42170565188832615,0.2169920067989139,,0.09179431725131591,0.02285513922573181,0.24583663334587763,0.2943997819851793,0.3084416081739764,0.2233374567103858
Denmark,IV_gov_exp,0.8864636000147501,,,,,,,,,1.0,,,,,,,,,,,
Denmark,IV_trade_balance,0.9456834082806422,0.7654136225878986,0.8594366406621069,,0.7041216103353536,-0.08625953693759596,,,-0.17010356549532657,,1.0,0.17769566711168272,0.6964737145882793,-0.1349887065156364,,0.7242575725326849,-0.755535101857054,0.02745449685195529,0.015320645542922848,0.9033627462625243,-0.16795122758849693
Denmark,IV_fdi_outflow%,0.29952395022255135,-0.06647632868840156,0.22347709595578516,,-0.20773344360653115,0.0014536544478399372,,,0.39103350025788797,,0.17769566711168272,1.0,0.13304931948770093,-0.24596235503084132,,0.20148964167465616,-0.288696364209835,0.16703625351754295,0.9302013676659276,0.3518431165152802,0.0932200061900315
Denmark,C_M2,0.7799756860792283,0.7230072318567723,0.6398088049473056,,0.1968312522548806,-0.25098490942084245,,,-0.42170565188832615,,0.6964737145882793,0.13304931948770093,1.0,0.192543515166936,,0.679107911686156,-0.7707857097556569,-0.11414709386905282,-0.03790035977788479,0.7430917556289772,0.015117712880128828
Denmark,C_m2plus,-0.004720315003020219,-0.008454611597709166,0.03570557134682267,,-0.10889408837899407,-0.17213597004131076,,,0.2169920067989139,,-0.1349887065156364,-0.24596235503084132,0.192543515166936,1.0,,0.010554852494029843,0.007019397096398258,-0.10846043909704588,-0.2944862877488445,-0.009583950582785146,-0.29717801951583567
Denmark,C_NFL,,,,,,,,,,,,,,,,,,,,,
Denmark,C_REER,0.8341509113332831,0.5717190424952978,0.7099525417538779,,0.08617377255460217,-0.2510537778685426,,,0.09179431725131591,,0.7242575725326849,0.20148964167465616,0.679107911686156,0.010554852494029843,,1.0,-0.6645051787078713,-0.11207810088320345,0.06096837907142251,0.8320417715569113,-0.2880082607244338
Denmark,C_cpi,-0.7785570706827155,-0.4729009290153762,-0.6105314533498216,,-0.4359203659577109,0.12160887731858913,,,0.02285513922573181,,-0.755535101857054,-0.288696364209835,-0.7707857097556569,0.007019397096398258,,-0.6645051787078713,1.0,0.2294765544648253,-0.16821562041207097,-0.7830386059610983,0.009717614252345737
