Country,,DV_VAplus,DV_domestic_creditplus,DV_nonfinanceplus,DV_nfc_ls,DV_hh_lsplus,DV_pvd_lsplus,IV_lendingplus,IV_gov_expplus,IV_trade_balanceplus,IV_fdi_outflowplus
Australia,DV_VAplus,1.0,0.02673329132708792,0.22407647940681572,-0.01281694286094209,-0.06510485739022728,-0.1841689239438895,0.020580998676335786,0.13245075715707344,0.09322187277583222,-0.3586946887625477
Australia,DV_domestic_creditplus,0.02673329132708792,1.0,0.23036576700486378,0.31330800004814996,0.24986459579748962,0.2870817525215661,-0.15622149945892258,-0.2881869674343501,0.15067034740796112,-0.05871559043058714
Australia,DV_nonfinanceplus,0.22407647940681572,0.23036576700486378,1.0,-0.031014487341598687,0.17478045985280977,0.1859385762837537,0.014772039881933943,-0.21881986925670854,0.15078297865780999,0.056687200849295294
Australia,DV_nfc_ls,-0.01281694286094209,0.31330800004814996,-0.031014487341598687,1.0,-0.17054648064604577,-0.11914103744650417,-0.19683564768951942,-0.04366706122435841,0.178097230558496,-0.20262668646132495
Australia,DV_hh_lsplus,-0.06510485739022728,0.24986459579748962,0.17478045985280977,-0.17054648064604577,1.0,0.31960394593149766,0.2863853130763034,-0.16356131502385418,0.03295048443836828,0.07497164335636818
Australia,DV_pvd_lsplus,-0.1841689239438895,0.2870817525215661,0.1859385762837537,-0.11914103744650417,0.31960394593149766,1.0,0.10597105126994756,0.12067298218447282,-0.03714096474313233,0.13704299114275453
Australia,IV_lendingplus,0.020580998676335786,-0.15622149945892258,0.014772039881933943,-0.19683564768951942,0.2863853130763034,0.10597105126994756,1.0,0.15680102320298514,-0.03299779187143953,-0.024846256087231608
Australia,IV_gov_expplus,0.13245075715707344,-0.2881869674343501,-0.21881986925670854,-0.04366706122435841,-0.16356131502385418,0.12067298218447282,0.15680102320298514,1.0,0.046086300433644777,0.16025658254005287
Australia,IV_trade_balanceplus,0.09322187277583222,0.15067034740796112,0.15078297865780999,0.178097230558496,0.03295048443836828,-0.03714096474313233,-0.03299779187143953,0.046086300433644777,1.0,-0.059397041917693905
Australia,IV_fdi_outflowplus,-0.3586946887625477,-0.05871559043058714,0.056687200849295294,-0.20262668646132495,0.07497164335636818,0.13704299114275453,-0.024846256087231608,0.16025658254005287,-0.059397041917693905,1.0
Austria,DV_VAplus,1.0,0.056997712593387005,0.1027516320938539,0.1475741719080561,0.08484635581355399,-0.19591144994755416,-0.11103324155367386,-0.05646471614865913,0.07645067508807074,-0.021174566598248654
Austria,DV_domestic_creditplus,0.056997712593387005,1.0,-0.08254836416208858,-0.0010165743897035814,0.016565765630203063,0.10079176304932562,0.1883725356954947,0.07396285643070433,-0.20360345313472214,0.13850682739771725
Austria,DV_nonfinanceplus,0.1027516320938539,-0.08254836416208858,1.0,0.12045809622989548,-0.014195326583443371,0.031711645620318016,-0.10292592621990419,-0.06815818024307893,0.46651201337006143,0.03765273759717941
Austria,DV_nfc_ls,0.1475741719080561,-0.0010165743897035814,0.12045809622989548,1.0,0.3967899072726362,-0.4051805384705069,-0.37411862601735246,0.17850072182483218,0.07139273232924269,-0.03179743216593048
Austria,DV_hh_lsplus,0.08484635581355399,0.016565765630203063,-0.014195326583443371,0.3967899072726362,1.0,0.0731966898568939,-0.8096863404642063,0.00721786731212559,-0.06469355234527652,0.08622085846837388
Austria,DV_pvd_lsplus,-0.19591144994755416,0.10079176304932562,0.031711645620318016,-0.4051805384705069,0.0731966898568939,1.0,-0.06281820604550226,0.19605200641242282,-0.06707305751606872,-0.005827957970451149
Austria,IV_lendingplus,-0.11103324155367386,0.1883725356954947,-0.10292592621990419,-0.37411862601735246,-0.8096863404642063,-0.06281820604550226,1.0,0.09963484378714652,-0.12942661595116745,-0.03132190730115515
Austria,IV_gov_expplus,-0.05646471614865913,0.07396285643070433,-0.06815818024307893,0.17850072182483218,0.00721786731212559,0.19605200641242282,0.09963484378714652,1.0,0.00919176932866335,-0.14701926630439036
Austria,IV_trade_balanceplus,0.07645067508807074,-0.20360345313472214,0.46651201337006143,0.07139273232924269,-0.06469355234527652,-0.06707305751606872,-0.12942661595116745,0.00919176932866335,1.0,-0.19668384046170784
Austria,IV_fdi_outflowplus,-0.021174566598248654,0.13850682739771725,0.03765273759717941,-0.03179743216593048,0.08622085846837388,-0.005827957970451149,-0.03132190730115515,-0.14701926630439036,-0.19668384046170784,1.0
Belgium,DV_VAplus,1.0,0.013259377661491854,0.47460786224957274,-0.04367284806907817,-0.06478112037971766,-0.06389720560945332,-0.452506230382401,-0.009488003170728574,-0.007377414046953744,0.0009664587679082708
Belgium,DV_domestic_creditplus,0.013259377661491854,1.0,-0.18872653253224672,0.11452516474195794,0.11886667621947099,0.047512244078739864,0.0786203617177709,-0.0022189627855594587,-0.5256070480838214,0.10581740291427552
Belgium,DV_nonfinanceplus,0.47460786224957274,-0.18872653253224672,1.0,0.03786608997330054,-0.006198019854522455,-0.11641374991110615,-0.3829737716355913,-0.11596949280351061,0.024623687953339916,-0.01682641371026687
Belgium,DV_nfc_ls,-0.04367284806907817,0.11452516474195794,0.03786608997330054,1.0,0.2248798092180305,0.1611273705772333,0.007794349035938276,0.1435191463169114,-0.10171344477559018,-0.13759891329944715
Belgium,DV_hh_lsplus,-0.06478112037971766,0.11886667621947099,-0.006198019854522455,0.2248798092180305,1.0,0.3142018075570969,0.06684371285703056,-0.0169270268338059,-0.1131093870289054,0.013963070105715623
Belgium,DV_pvd_lsplus,-0.06389720560945332,0.047512244078739864,-0.11641374991110615,0.1611273705772333,0.3142018075570969,1.0,-0.04252609397750246,-0.6912066144193048,-0.06239651584333773,0.06526373292948728
Belgium,IV_lendingplus,-0.452506230382401,0.0786203617177709,-0.3829737716355913,0.007794349035938276,0.06684371285703056,-0.04252609397750246,1.0,0.03885193511467295,0.0321297155083022,-0.09334525511834553
Belgium,IV_gov_expplus,-0.009488003170728574,-0.0022189627855594587,-0.11596949280351061,0.1435191463169114,-0.0169270268338059,-0.6912066144193048,0.03885193511467295,1.0,-0.027585496164783067,-0.017641092049746312
Belgium,IV_trade_balanceplus,-0.007377414046953744,-0.5256070480838214,0.024623687953339916,-0.10171344477559018,-0.1131093870289054,-0.06239651584333773,0.0321297155083022,-0.027585496164783067,1.0,-0.7531996355364835
Belgium,IV_fdi_outflowplus,0.0009664587679082708,0.10581740291427552,-0.01682641371026687,-0.13759891329944715,0.013963070105715623,0.06526373292948728,-0.09334525511834553,-0.017641092049746312,-0.7531996355364835,1.0
Brazil,DV_VAplus,1.0,-0.11376579974637135,,0.12377003072003974,-0.4978069726024435,-0.45473334366348006,-0.18958902757437943,-0.10764705264695715,-0.39978723954679585,-0.17243114843833926
Brazil,DV_domestic_creditplus,-0.11376579974637135,1.0,,-0.6230949525618952,0.2176367665165993,0.15678718775347375,-0.005904133472356936,0.049355936142344146,0.14034374374923833,-0.01650908420310377
Brazil,DV_nonfinanceplus,,,,,,,,,,
Brazil,DV_nfc_ls,0.12377003072003974,-0.6230949525618952,,1.0,-0.6501645751978246,-0.3969827977201707,-0.1380527200758277,-0.17506612684095485,-0.05525359487846242,-0.13848957470795803
Brazil,DV_hh_lsplus,-0.4978069726024435,0.2176367665165993,,-0.6501645751978246,1.0,0.7526624827661526,0.15776564121127615,-0.061679865970492735,0.19686961706532058,0.17681906859268032
Brazil,DV_pvd_lsplus,-0.45473334366348006,0.15678718775347375,,-0.3969827977201707,0.7526624827661526,1.0,0.012108957342061095,-0.10863683774330073,0.1705562142516481,-0.09800651734482593
Brazil,IV_lendingplus,-0.18958902757437943,-0.005904133472356936,,-0.1380527200758277,0.15776564121127615,0.012108957342061095,1.0,-0.060929386275431215,0.018110109101449497,-0.03103345426239505
Brazil,IV_gov_expplus,-0.10764705264695715,0.049355936142344146,,-0.17506612684095485,-0.061679865970492735,-0.10863683774330073,-0.060929386275431215,1.0,-0.009035893135702413,-0.04727192430438879
Brazil,IV_trade_balanceplus,-0.39978723954679585,0.14034374374923833,,-0.05525359487846242,0.19686961706532058,0.1705562142516481,0.018110109101449497,-0.009035893135702413,1.0,0.10669915389310686
Brazil,IV_fdi_outflowplus,-0.17243114843833926,-0.01650908420310377,,-0.13848957470795803,0.17681906859268032,-0.09800651734482593,-0.03103345426239505,-0.04727192430438879,0.10669915389310686,1.0
Canada,DV_VAplus,1.0,0.10920889947428679,,0.04949547878789917,0.0611107805131933,0.14101870926591897,-0.0754833743178507,0.045633264415947096,0.009715597923939067,-0.012037162837883574
Canada,DV_domestic_creditplus,0.10920889947428679,1.0,,0.026135530765868727,0.01924293354624576,0.23331763742069406,-0.03269891115569345,-0.00997772993332099,0.04210074992795156,-0.014284090720440784
Canada,DV_nonfinanceplus,,,,,,,,,,
Canada,DV_nfc_ls,0.04949547878789917,0.026135530765868727,,1.0,-0.22938554655880164,0.10505679426546125,-0.01692737356715641,-0.16822940214684745,0.039391499910091936,-0.3025661288515229
Canada,DV_hh_lsplus,0.0611107805131933,0.01924293354624576,,-0.22938554655880164,1.0,0.3921525452880535,-0.34476457158635515,-0.047279815580636216,-0.1457067135329255,-0.015898347240383224
Canada,DV_pvd_lsplus,0.14101870926591897,0.23331763742069406,,0.10505679426546125,0.3921525452880535,1.0,-0.35481052727582535,0.03364502796140425,-0.11082498609055857,-0.05140500422377037
Canada,IV_lendingplus,-0.0754833743178507,-0.03269891115569345,,-0.01692737356715641,-0.34476457158635515,-0.35481052727582535,1.0,-0.07627250100943005,0.02124378353759649,0.013009224625402526
Canada,IV_gov_expplus,0.045633264415947096,-0.00997772993332099,,-0.16822940214684745,-0.047279815580636216,0.03364502796140425,-0.07627250100943005,1.0,-0.05107237738306076,-0.05267258193023107
Canada,IV_trade_balanceplus,0.009715597923939067,0.04210074992795156,,0.039391499910091936,-0.1457067135329255,-0.11082498609055857,0.02124378353759649,-0.05107237738306076,1.0,0.15894993419861395
Canada,IV_fdi_outflowplus,-0.012037162837883574,-0.014284090720440784,,-0.3025661288515229,-0.015898347240383224,-0.05140500422377037,0.013009224625402526,-0.05267258193023107,0.15894993419861395,1.0
Chile,DV_VAplus,1.0,0.04498077463124623,,-0.06038654512622034,0.10311358480492142,0.061538542562769506,-0.018536469489214724,-0.03228608694978104,-0.07304113714318626,-0.0005691533868501093
Chile,DV_domestic_creditplus,0.04498077463124623,1.0,,0.20816606963059747,0.01589347650866955,0.09333592767097905,0.020629093373522863,0.6445836003842091,-0.02433723413312188,0.10659971716633204
Chile,DV_nonfinanceplus,,,,,,,,,,
Chile,DV_nfc_ls,-0.06038654512622034,0.20816606963059747,,1.0,-0.20778605667559044,0.2912492507702389,0.29194982700984595,0.0991996216458611,-0.2901215374904573,-0.18813038328157844
Chile,DV_hh_lsplus,0.10311358480492142,0.01589347650866955,,-0.20778605667559044,1.0,0.05109918536748049,-0.09365957434880401,0.019033985369441824,-0.10459603051833767,0.0324250675799447
Chile,DV_pvd_lsplus,0.061538542562769506,0.09333592767097905,,0.2912492507702389,0.05109918536748049,1.0,0.04955574275153725,0.1369844055015818,-0.053232493942237544,-0.03131212892841017
Chile,IV_lendingplus,-0.018536469489214724,0.020629093373522863,,0.29194982700984595,-0.09365957434880401,0.04955574275153725,1.0,0.07644651158126776,-0.022507998811581633,0.03204916439586917
Chile,IV_gov_expplus,-0.03228608694978104,0.6445836003842091,,0.0991996216458611,0.019033985369441824,0.1369844055015818,0.07644651158126776,1.0,-0.009647530769107088,0.000573834223478979
Chile,IV_trade_balanceplus,-0.07304113714318626,-0.02433723413312188,,-0.2901215374904573,-0.10459603051833767,-0.053232493942237544,-0.022507998811581633,-0.009647530769107088,1.0,0.060757595647870595
Chile,IV_fdi_outflowplus,-0.0005691533868501093,0.10659971716633204,,-0.18813038328157844,0.0324250675799447,-0.03131212892841017,0.03204916439586917,0.000573834223478979,0.060757595647870595,1.0
China (People's Republic of),DV_VAplus,1.0,0.04441909350777429,,-0.47634155732300787,0.0990743555336448,0.07322217448098495,-0.0440995410869565,0.19318166109600252,0.008529508591853212,-0.006257368108046986
China (People's Republic of),DV_domestic_creditplus,0.04441909350777429,1.0,,0.3523911615570476,0.06989523926862956,0.23627751924295698,-0.05676058091348983,0.16895670664217516,0.03776286136558488,0.09068087314307595
China (People's Republic of),DV_nonfinanceplus,,,,,,,,,,
China (People's Republic of),DV_nfc_ls,-0.47634155732300787,0.3523911615570476,,1.0,0.013251634423341173,0.20823469254165636,-0.14307947100926877,-0.40341670751529457,-0.4532350042613309,-0.2816062130806456
China (People's Republic of),DV_hh_lsplus,0.0990743555336448,0.06989523926862956,,0.013251634423341173,1.0,0.11494560728634504,0.3525814299598405,0.06514090437019864,-0.016933275991997104,-0.018191128607057686
China (People's Republic of),DV_pvd_lsplus,0.07322217448098495,0.23627751924295698,,0.20823469254165636,0.11494560728634504,1.0,0.04893451582041178,0.27323192542538166,-0.7822357758366266,-0.02065522672859239
China (People's Republic of),IV_lendingplus,-0.0440995410869565,-0.05676058091348983,,-0.14307947100926877,0.3525814299598405,0.04893451582041178,1.0,-0.1213377401644466,-0.01619458120508766,-0.014216442647177837
China (People's Republic of),IV_gov_expplus,0.19318166109600252,0.16895670664217516,,-0.40341670751529457,0.06514090437019864,0.27323192542538166,-0.1213377401644466,1.0,-0.0811544161829862,-0.006476320643705637
China (People's Republic of),IV_trade_balanceplus,0.008529508591853212,0.03776286136558488,,-0.4532350042613309,-0.016933275991997104,-0.7822357758366266,-0.01619458120508766,-0.0811544161829862,1.0,-0.012349712090029543
China (People's Republic of),IV_fdi_outflowplus,-0.006257368108046986,0.09068087314307595,,-0.2816062130806456,-0.018191128607057686,-0.02065522672859239,-0.014216442647177837,-0.006476320643705637,-0.012349712090029543,1.0
Denmark,DV_VAplus,1.0,0.14828258771235217,-0.15779991007127298,0.20133153860684003,0.19325853332604143,0.009917895970198704,0.04694655559565423,0.07442834582977054,0.05711520950588365,0.06476692222541043
Denmark,DV_domestic_creditplus,0.14828258771235217,1.0,0.00010385644759615166,-0.22989269542184723,0.06500637560249067,0.48173526516379367,0.08033012978550862,-0.007324696119473674,0.04879616113207594,0.025054748983906038
Denmark,DV_nonfinanceplus,-0.15779991007127298,0.00010385644759615166,1.0,-0.22867079436958068,-0.27051966243570574,-0.09908619079037011,0.052300258055201665,-0.13509220476300993,0.030461600647548704,-0.008005522226143934
Denmark,DV_nfc_ls,0.20133153860684003,-0.22989269542184723,-0.22867079436958068,1.0,-0.5059064769187136,-0.14716195181179437,-0.1653222929158816,0.2815961223941466,-0.053979087095077066,-0.2288691508026436
Denmark,DV_hh_lsplus,0.19325853332604143,0.06500637560249067,-0.27051966243570574,-0.5059064769187136,1.0,0.058152324315933424,0.05317741291091997,-0.043910602929320995,-0.0674186114760376,0.05716630531018754
Denmark,DV_pvd_lsplus,0.009917895970198704,0.48173526516379367,-0.09908619079037011,-0.14716195181179437,0.058152324315933424,1.0,0.014135229797088282,0.08163443571123107,0.07670751939354647,-0.0687891266837817
Denmark,IV_lendingplus,0.04694655559565423,0.08033012978550862,0.052300258055201665,-0.1653222929158816,0.05317741291091997,0.014135229797088282,1.0,0.030341288150130968,0.025891749973331556,0.22240552836346222
Denmark,IV_gov_expplus,0.07442834582977054,-0.007324696119473674,-0.13509220476300993,0.2815961223941466,-0.043910602929320995,0.08163443571123107,0.030341288150130968,1.0,-0.09490558485677397,0.06969273009680763
Denmark,IV_trade_balanceplus,0.05711520950588365,0.04879616113207594,0.030461600647548704,-0.053979087095077066,-0.0674186114760376,0.07670751939354647,0.025891749973331556,-0.09490558485677397,1.0,0.07820289016855848
Denmark,IV_fdi_outflowplus,0.06476692222541043,0.025054748983906038,-0.008005522226143934,-0.2288691508026436,0.05716630531018754,-0.0687891266837817,0.22240552836346222,0.06969273009680763,0.07820289016855848,1.0
Finland,DV_VAplus,1.0,-0.013803978149698151,-0.01941856387248128,0.08372046737523219,0.11950565893365724,0.03393109125760712,-0.5440089628622854,-0.6229008979914895,0.12645467177937797,0.025288711672112406
Finland,DV_domestic_creditplus,-0.013803978149698151,1.0,-0.23805346529281496,0.06882189686983148,0.04370120915936361,0.09095509555170592,-0.023020327520269345,0.02753274218682413,-0.10497384804527071,0.06185331426350374
Finland,DV_nonfinanceplus,-0.01941856387248128,-0.23805346529281496,1.0,0.12851308666397346,0.0333931846512617,0.14634175776771388,0.007148490045335497,0.03043111725841697,-0.10579812691893178,0.035456407581606855
Finland,DV_nfc_ls,0.08372046737523219,0.06882189686983148,0.12851308666397346,1.0,-0.0852488580732606,0.1549334093142563,-0.06680325746222437,-0.12375228521252099,-0.13814375034461987,-0.11611772025354548
Finland,DV_hh_lsplus,0.11950565893365724,0.04370120915936361,0.0333931846512617,-0.0852488580732606,1.0,0.5815494287760957,-0.10458596520815311,0.010120859836723702,-0.029662588311055206,0.05673832860046292
Finland,DV_pvd_lsplus,0.03393109125760712,0.09095509555170592,0.14634175776771388,0.1549334093142563,0.5815494287760957,1.0,0.14715866497887137,0.12341780805193278,-0.11254657279085026,0.15408996595930513
Finland,IV_lendingplus,-0.5440089628622854,-0.023020327520269345,0.007148490045335497,-0.06680325746222437,-0.10458596520815311,0.14715866497887137,1.0,0.6351284815405829,-0.06817666531231341,0.12064880045424024
Finland,IV_gov_expplus,-0.6229008979914895,0.02753274218682413,0.03043111725841697,-0.12375228521252099,0.010120859836723702,0.12341780805193278,0.6351284815405829,1.0,-0.13158455219514162,-0.04697753544659627
Finland,IV_trade_balanceplus,0.12645467177937797,-0.10497384804527071,-0.10579812691893178,-0.13814375034461987,-0.029662588311055206,-0.11254657279085026,-0.06817666531231341,-0.13158455219514162,1.0,-0.07111453084541665
Finland,IV_fdi_outflowplus,0.025288711672112406,0.06185331426350374,0.035456407581606855,-0.11611772025354548,0.05673832860046292,0.15408996595930513,0.12064880045424024,-0.04697753544659627,-0.07111453084541665,1.0
France,DV_VAplus,1.0,0.094241433228776,-0.022356587905869543,-0.16952726806285445,0.2648274339018314,0.050674088564693506,0.06600247037014777,-0.0753168254337308,0.06283226779938401,0.036622297061985824
France,DV_domestic_creditplus,0.094241433228776,1.0,0.06660807825679617,0.12347749228737864,0.06384733338207517,0.012724197031105926,-0.07132612821052334,-0.023628597528761636,0.4183968147508785,0.16321032002758548
France,DV_nonfinanceplus,-0.022356587905869543,0.06660807825679617,1.0,-0.22443471351625904,0.022482495617968768,-0.04380503743188868,0.01883171748268337,0.015667303462899268,0.15931801461766373,-0.4680235667004092
France,DV_nfc_ls,-0.16952726806285445,0.12347749228737864,-0.22443471351625904,1.0,0.09011281336882339,0.2511278036760423,-0.1633466874239482,-0.1606699345976312,-0.06975090162476426,0.02753060759302234
France,DV_hh_lsplus,0.2648274339018314,0.06384733338207517,0.022482495617968768,0.09011281336882339,1.0,0.07126173652333642,0.018002230707537325,0.057488880498337655,0.18834762846097608,0.13989787696844774
France,DV_pvd_lsplus,0.050674088564693506,0.012724197031105926,-0.04380503743188868,0.2511278036760423,0.07126173652333642,1.0,0.008511256978698867,0.025474716184361996,0.06148433482169622,0.06428382305703724
France,IV_lendingplus,0.06600247037014777,-0.07132612821052334,0.01883171748268337,-0.1633466874239482,0.018002230707537325,0.008511256978698867,1.0,0.36005344043237575,-0.014356022935507393,0.05604185972497124
France,IV_gov_expplus,-0.0753168254337308,-0.023628597528761636,0.015667303462899268,-0.1606699345976312,0.057488880498337655,0.025474716184361996,0.36005344043237575,1.0,0.07336192943508618,0.08084064094095142
France,IV_trade_balanceplus,0.06283226779938401,0.4183968147508785,0.15931801461766373,-0.06975090162476426,0.18834762846097608,0.06148433482169622,-0.014356022935507393,0.07336192943508618,1.0,0.025972416258849503
France,IV_fdi_outflowplus,0.036622297061985824,0.16321032002758548,-0.4680235667004092,0.02753060759302234,0.13989787696844774,0.06428382305703724,0.05604185972497124,0.08084064094095142,0.025972416258849503,1.0
Germany,DV_VAplus,1.0,0.024381223455758442,0.009645741722641231,-0.05026160377471349,-0.08019539558370495,-0.1704340694809518,0.2687974984344647,0.11399656984397201,-0.12307379797216218,-0.05395102109068666
Germany,DV_domestic_creditplus,0.024381223455758442,1.0,-0.13621498205000254,-0.07691794092989043,-0.0035654913414976284,-0.1332661072314715,0.1660145810485647,0.016893047305745056,-0.28553139182508885,0.03753652067438152
Germany,DV_nonfinanceplus,0.009645741722641231,-0.13621498205000254,1.0,0.025508413182615028,-0.11094527973315461,-0.14094313944405815,-0.08332730297345062,-0.1377577248674946,-0.12479956252639,-0.013345718727276454
Germany,DV_nfc_ls,-0.05026160377471349,-0.07691794092989043,0.025508413182615028,1.0,0.22638969007908588,0.13040050256898378,0.10682636293977985,-0.26805214286266826,0.18538327659591408,0.08146909254604288
Germany,DV_hh_lsplus,-0.08019539558370495,-0.0035654913414976284,-0.11094527973315461,0.22638969007908588,1.0,0.5038349386828985,0.12554262930206286,-0.4628059147970891,-0.004285623951988869,0.0007469057763799891
Germany,DV_pvd_lsplus,-0.1704340694809518,-0.1332661072314715,-0.14094313944405815,0.13040050256898378,0.5038349386828985,1.0,0.12193603617314273,0.11246491583048343,-0.11587315564078703,-0.09727447341492626
Germany,IV_lendingplus,0.2687974984344647,0.1660145810485647,-0.08332730297345062,0.10682636293977985,0.12554262930206286,0.12193603617314273,1.0,0.1809969158675645,-0.19156318898936958,0.01779922455765004
Germany,IV_gov_expplus,0.11399656984397201,0.016893047305745056,-0.1377577248674946,-0.26805214286266826,-0.4628059147970891,0.11246491583048343,0.1809969158675645,1.0,0.06811092566225316,-0.030305474323536634
Germany,IV_trade_balanceplus,-0.12307379797216218,-0.28553139182508885,-0.12479956252639,0.18538327659591408,-0.004285623951988869,-0.11587315564078703,-0.19156318898936958,0.06811092566225316,1.0,-0.03626275225599941
Germany,IV_fdi_outflowplus,-0.05395102109068666,0.03753652067438152,-0.013345718727276454,0.08146909254604288,0.0007469057763799891,-0.09727447341492626,0.01779922455765004,-0.030305474323536634,-0.03626275225599941,1.0
Greece,DV_VAplus,1.0,0.4017275506628174,-0.10216497954763308,-0.26969301327614725,0.13705336304290036,0.0841108274825384,-0.324551404458734,0.03708017396876615,-0.1007584432473726,0.2583779895286055
Greece,DV_domestic_creditplus,0.4017275506628174,1.0,0.024406805734501734,0.03966715046607656,0.023057755361974217,0.11047097800873007,-0.08561088427164579,-0.040340705900092845,-0.17376489717964738,0.04174448100116966
Greece,DV_nonfinanceplus,-0.10216497954763308,0.024406805734501734,1.0,-0.150213210491199,-0.09696673945578074,-0.13648769516409137,0.05234607510901745,-0.06291979861658183,-0.14091214421910433,-0.4978671064949017
Greece,DV_nfc_ls,-0.26969301327614725,0.03966715046607656,-0.150213210491199,1.0,-0.08066897926876271,-0.36888800307886327,0.28538148975816957,0.041971826384344844,-0.2433828264814483,-0.23617316658551435
Greece,DV_hh_lsplus,0.13705336304290036,0.023057755361974217,-0.09696673945578074,-0.08066897926876271,1.0,0.21785301590791417,-0.10098852767511848,0.03940488851214846,0.053469196283081305,0.15815524520633584
Greece,DV_pvd_lsplus,0.0841108274825384,0.11047097800873007,-0.13648769516409137,-0.36888800307886327,0.21785301590791417,1.0,-0.010603188496657123,0.021909664732026136,0.002908361833254969,0.15590406781679997
Greece,IV_lendingplus,-0.324551404458734,-0.08561088427164579,0.05234607510901745,0.28538148975816957,-0.10098852767511848,-0.010603188496657123,1.0,-9.302622782507005e-05,-0.2090815806318247,0.005913392935061901
Greece,IV_gov_expplus,0.03708017396876615,-0.040340705900092845,-0.06291979861658183,0.041971826384344844,0.03940488851214846,0.021909664732026136,-9.302622782507005e-05,1.0,0.02651317694009753,0.10399152413267107
Greece,IV_trade_balanceplus,-0.1007584432473726,-0.17376489717964738,-0.14091214421910433,-0.2433828264814483,0.053469196283081305,0.002908361833254969,-0.2090815806318247,0.02651317694009753,1.0,-0.066266014719081
Greece,IV_fdi_outflowplus,0.2583779895286055,0.04174448100116966,-0.4978671064949017,-0.23617316658551435,0.15815524520633584,0.15590406781679997,0.005913392935061901,0.10399152413267107,-0.066266014719081,1.0
Hungary,DV_VAplus,1.0,0.19034072767516708,-0.10357357803821576,-0.15105176493314765,0.03242478528395098,0.05058072179708779,-0.5913861410722674,0.5795921042808889,0.06899609446317481,-0.09170340513129283
Hungary,DV_domestic_creditplus,0.19034072767516708,1.0,-0.13903773812547315,0.06318751017213892,0.28792426255172826,0.23883600803160104,0.30265560584961115,0.05792435849638228,0.1260122192605086,0.04200865721977322
Hungary,DV_nonfinanceplus,-0.10357357803821576,-0.13903773812547315,1.0,-0.03241226088330634,-0.23756577213205,-0.1699335496599319,0.03159206341826487,-0.017707643132283884,-0.30420243791369445,0.1634096344751304
Hungary,DV_nfc_ls,-0.15105176493314765,0.06318751017213892,-0.03241226088330634,1.0,0.033890171452518804,0.08284610224041342,0.12254669638180793,-0.08200150762570649,0.3186920115896504,-0.20320017856982908
Hungary,DV_hh_lsplus,0.03242478528395098,0.28792426255172826,-0.23756577213205,0.033890171452518804,1.0,0.6630923215945793,0.20445053331059393,-0.05838982132488392,0.15457366183269744,-0.06390641656825106
Hungary,DV_pvd_lsplus,0.05058072179708779,0.23883600803160104,-0.1699335496599319,0.08284610224041342,0.6630923215945793,1.0,0.11806075491908893,-0.20374208127201213,0.0676006283815996,-0.035892421939527096
Hungary,IV_lendingplus,-0.5913861410722674,0.30265560584961115,0.03159206341826487,0.12254669638180793,0.20445053331059393,0.11806075491908893,1.0,-0.468724284516109,0.10484313373491727,0.013351575090890045
Hungary,IV_gov_expplus,0.5795921042808889,0.05792435849638228,-0.017707643132283884,-0.08200150762570649,-0.05838982132488392,-0.20374208127201213,-0.468724284516109,1.0,0.2543458825687123,-0.03295375874650953
Hungary,IV_trade_balanceplus,0.06899609446317481,0.1260122192605086,-0.30420243791369445,0.3186920115896504,0.15457366183269744,0.0676006283815996,0.10484313373491727,0.2543458825687123,1.0,-0.3748954498357448
Hungary,IV_fdi_outflowplus,-0.09170340513129283,0.04200865721977322,0.1634096344751304,-0.20320017856982908,-0.06390641656825106,-0.035892421939527096,0.013351575090890045,-0.03295375874650953,-0.3748954498357448,1.0
Iceland,DV_VAplus,1.0,0.4086326224906921,-0.06355390847006696,0.01343429859741062,0.2749470430692158,0.442291587626461,-0.04689329477752533,0.02154622812694746,-0.029598975886253265,-0.30210057506956417
Iceland,DV_domestic_creditplus,0.4086326224906921,1.0,0.3782776756092976,-0.13544489107951627,0.36026434284603215,0.7155812166058344,-0.20850136708760772,0.05360631736519873,0.043346891840177725,0.17467068677050215
Iceland,DV_nonfinanceplus,-0.06355390847006696,0.3782776756092976,1.0,-0.12585061944327264,0.17536533283934874,0.07701239350241909,-0.49897879459291833,-0.18501877803266722,0.017005478477353255,0.1314296914969659
Iceland,DV_nfc_ls,0.01343429859741062,-0.13544489107951627,-0.12585061944327264,1.0,-0.25446130701710257,0.0894148000889004,-0.13177861178501923,0.05148411676770235,-0.08216998567433047,-0.16705369644636323
Iceland,DV_hh_lsplus,0.2749470430692158,0.36026434284603215,0.17536533283934874,-0.25446130701710257,1.0,0.36072838475543784,-0.07030456332366304,0.006722079674296311,0.09523798241530433,0.09092496854667101
Iceland,DV_pvd_lsplus,0.442291587626461,0.7155812166058344,0.07701239350241909,0.0894148000889004,0.36072838475543784,1.0,-0.1618783996145786,0.1731618461372557,0.05640729428130126,0.17994204779569561
Iceland,IV_lendingplus,-0.04689329477752533,-0.20850136708760772,-0.49897879459291833,-0.13177861178501923,-0.07030456332366304,-0.1618783996145786,1.0,0.10359170412582457,0.009343076388208237,0.0699024830406088
Iceland,IV_gov_expplus,0.02154622812694746,0.05360631736519873,-0.18501877803266722,0.05148411676770235,0.006722079674296311,0.1731618461372557,0.10359170412582457,1.0,-0.009577699775325849,0.009520439872100023
Iceland,IV_trade_balanceplus,-0.029598975886253265,0.043346891840177725,0.017005478477353255,-0.08216998567433047,0.09523798241530433,0.05640729428130126,0.009343076388208237,-0.009577699775325849,1.0,0.008827119956456
Iceland,IV_fdi_outflowplus,-0.30210057506956417,0.17467068677050215,0.1314296914969659,-0.16705369644636323,0.09092496854667101,0.17994204779569561,0.0699024830406088,0.009520439872100023,0.008827119956456,1.0
India,DV_VAplus,,,,,,,,,,
India,DV_domestic_creditplus,,1.0,,-0.3142077963944054,0.026043341533249928,0.2791495437556404,,0.35801990887533547,-0.07132285096484235,-0.05309457653153386
India,DV_nonfinanceplus,,,,,,,,,,
India,DV_nfc_ls,,-0.3142077963944054,,1.0,0.07605240230108706,-0.3985271469986584,,-0.21534359708730008,-0.020901762559511577,-0.13222812072130877
India,DV_hh_lsplus,,0.026043341533249928,,0.07605240230108706,1.0,0.16307171798138526,,-0.113998520756199,0.11595902112057174,-0.00171106781869632
India,DV_pvd_lsplus,,0.2791495437556404,,-0.3985271469986584,0.16307171798138526,1.0,,0.28584603950746557,-0.3289487219857967,-0.09138786400294865
India,IV_lendingplus,,,,,,,,,,
India,IV_gov_expplus,,0.35801990887533547,,-0.21534359708730008,-0.113998520756199,0.28584603950746557,,1.0,-0.2355940287447526,-0.03171628934800697
India,IV_trade_balanceplus,,-0.07132285096484235,,-0.020901762559511577,0.11595902112057174,-0.3289487219857967,,-0.2355940287447526,1.0,0.16870790647278483
India,IV_fdi_outflowplus,,-0.05309457653153386,,-0.13222812072130877,-0.00171106781869632,-0.09138786400294865,,-0.03171628934800697,0.16870790647278483,1.0
Ireland,DV_VAplus,1.0,0.19901719283209843,0.05373105375153122,-0.4288777824674552,-0.0001758482189980468,0.027493925160908914,0.020144591188660743,0.08896931630229797,-0.23304759047561124,0.02429012239106876
Ireland,DV_domestic_creditplus,0.19901719283209843,1.0,0.09350923416435536,-0.7373054316786296,0.08879470740667589,0.22741800465480583,0.045074104894707916,0.0875543289416815,-0.4363381252039852,-0.18299256209122117
Ireland,DV_nonfinanceplus,0.05373105375153122,0.09350923416435536,1.0,-0.18353261150518688,-0.015638276063246852,-0.20099301485455096,0.8381643287568983,-0.03532992611970369,0.07368660809094596,0.04466387958871867
Ireland,DV_nfc_ls,-0.4288777824674552,-0.7373054316786296,-0.18353261150518688,1.0,-0.4939463295913207,-0.38935533593178256,-0.01601847793777487,-0.02924672238340855,0.4706216660726301,0.07126764246486375
Ireland,DV_hh_lsplus,-0.0001758482189980468,0.08879470740667589,-0.015638276063246852,-0.4939463295913207,1.0,0.0035141307748857886,-0.04916704578775439,-0.004918707167930304,-0.08771013533242514,0.01546473259247643
Ireland,DV_pvd_lsplus,0.027493925160908914,0.22741800465480583,-0.20099301485455096,-0.38935533593178256,0.0035141307748857886,1.0,-0.2899865775126006,0.08128056244115288,-0.06030960132975368,-0.10913818271493794
Ireland,IV_lendingplus,0.020144591188660743,0.045074104894707916,0.8381643287568983,-0.01601847793777487,-0.04916704578775439,-0.2899865775126006,1.0,-0.09442572194469068,0.03172760617077695,-0.0233133302139105
Ireland,IV_gov_expplus,0.08896931630229797,0.0875543289416815,-0.03532992611970369,-0.02924672238340855,-0.004918707167930304,0.08128056244115288,-0.09442572194469068,1.0,-0.013705126085090877,0.005678417297072568
Ireland,IV_trade_balanceplus,-0.23304759047561124,-0.4363381252039852,0.07368660809094596,0.4706216660726301,-0.08771013533242514,-0.06030960132975368,0.03172760617077695,-0.013705126085090877,1.0,0.46277330106482284
Ireland,IV_fdi_outflowplus,0.02429012239106876,-0.18299256209122117,0.04466387958871867,0.07126764246486375,0.01546473259247643,-0.10913818271493794,-0.0233133302139105,0.005678417297072568,0.46277330106482284,1.0
Israel,DV_VAplus,1.0,-0.004374093145183604,-0.09678645337382161,0.14385084242423263,0.02326319457392064,-0.012443805241635447,0.7203989067942853,-0.2266067519437136,-0.2397666418187938,-0.007743853010965107
Israel,DV_domestic_creditplus,-0.004374093145183604,1.0,0.04009650657445898,0.36973541872341764,0.09244112944400323,0.1182909652227693,0.019399218400201906,0.4757443470455467,0.10199648148033552,-0.10722669669969587
Israel,DV_nonfinanceplus,-0.09678645337382161,0.04009650657445898,1.0,0.05670040656164613,-0.029180060972908053,0.002376104460314237,-0.018893384643838194,-0.002340002096003247,0.39175022278686356,-0.029005940327552895
Israel,DV_nfc_ls,0.14385084242423263,0.36973541872341764,0.05670040656164613,1.0,0.12708771157021492,0.2963672024355471,0.26373456790369065,-0.47854751152932207,-0.08979748312368374,0.1587928755635768
Israel,DV_hh_lsplus,0.02326319457392064,0.09244112944400323,-0.029180060972908053,0.12708771157021492,1.0,0.9066943929228689,-0.004717522183052816,-0.2770111594632516,0.011576759419451693,-0.028390141106159505
Israel,DV_pvd_lsplus,-0.012443805241635447,0.1182909652227693,0.002376104460314237,0.2963672024355471,0.9066943929228689,1.0,-0.05117183230156691,-0.2920803687998654,0.07508416728516559,-0.01953842785429594
Israel,IV_lendingplus,0.7203989067942853,0.019399218400201906,-0.018893384643838194,0.26373456790369065,-0.004717522183052816,-0.05117183230156691,1.0,-0.3058540295161576,-0.02085856728273862,-0.004661597376757792
Israel,IV_gov_expplus,-0.2266067519437136,0.4757443470455467,-0.002340002096003247,-0.47854751152932207,-0.2770111594632516,-0.2920803687998654,-0.3058540295161576,1.0,0.04776401767645788,-0.07006721638801583
Israel,IV_trade_balanceplus,-0.2397666418187938,0.10199648148033552,0.39175022278686356,-0.08979748312368374,0.011576759419451693,0.07508416728516559,-0.02085856728273862,0.04776401767645788,1.0,-0.031231872363381884
Israel,IV_fdi_outflowplus,-0.007743853010965107,-0.10722669669969587,-0.029005940327552895,0.1587928755635768,-0.028390141106159505,-0.01953842785429594,-0.004661597376757792,-0.07006721638801583,-0.031231872363381884,1.0
Italy,DV_VAplus,1.0,0.29406872290611824,0.21941400260819727,0.029609924814254066,0.04611211405457256,0.08212145727344737,-0.11901955618713028,-0.011065779064180277,0.23033238786820615,0.17381374862820212
Italy,DV_domestic_creditplus,0.29406872290611824,1.0,0.05644045336879519,0.39333374005239974,0.020275871303703903,0.25556436703879537,0.00777356580031399,-0.02650927593781346,-0.03589226143830837,-0.030900378201263932
Italy,DV_nonfinanceplus,0.21941400260819727,0.05644045336879519,1.0,-0.18222501641406869,0.06457581015249961,0.13391222388088042,0.03201641687198495,0.02425906045165765,0.015205542898193454,0.06496825428053671
Italy,DV_nfc_ls,0.029609924814254066,0.39333374005239974,-0.18222501641406869,1.0,-0.16389859964522213,0.007900784262882418,-0.020083267936164093,0.0038922380314934174,-0.07715101860493703,0.0029705358918781398
Italy,DV_hh_lsplus,0.04611211405457256,0.020275871303703903,0.06457581015249961,-0.16389859964522213,1.0,0.42419184480263344,-0.026616574959539407,0.01673252876217604,-0.1027125822688074,-0.004092004642372155
Italy,DV_pvd_lsplus,0.08212145727344737,0.25556436703879537,0.13391222388088042,0.007900784262882418,0.42419184480263344,1.0,0.3427984594760268,0.039567789359832954,-0.03295466967178897,0.08179407222833615
Italy,IV_lendingplus,-0.11901955618713028,0.00777356580031399,0.03201641687198495,-0.020083267936164093,-0.026616574959539407,0.3427984594760268,1.0,-0.024324939934681395,-0.013965987399851254,0.029236096777333905
Italy,IV_gov_expplus,-0.011065779064180277,-0.02650927593781346,0.02425906045165765,0.0038922380314934174,0.01673252876217604,0.039567789359832954,-0.024324939934681395,1.0,-0.002980101966247462,-0.08499485530202476
Italy,IV_trade_balanceplus,0.23033238786820615,-0.03589226143830837,0.015205542898193454,-0.07715101860493703,-0.1027125822688074,-0.03295466967178897,-0.013965987399851254,-0.002980101966247462,1.0,0.014068487329257027
Italy,IV_fdi_outflowplus,0.17381374862820212,-0.030900378201263932,0.06496825428053671,0.0029705358918781398,-0.004092004642372155,0.08179407222833615,0.029236096777333905,-0.08499485530202476,0.014068487329257027,1.0
Japan,DV_VAplus,1.0,-0.03303449388258766,,0.15548279864464426,-0.006447071661675703,-0.07180453815489023,-0.03150122745807456,-0.09627099387071864,0.11941325974012086,0.16458380675404488
Japan,DV_domestic_creditplus,-0.03303449388258766,1.0,,-0.1754424551888543,0.099415032577383,0.18854230980933012,0.06452726358869339,0.10897350836008055,-0.07092776926019254,-0.008741122038522734
Japan,DV_nonfinanceplus,,,,,,,,,,
Japan,DV_nfc_ls,0.15548279864464426,-0.1754424551888543,,1.0,0.1015122736644613,0.04707602413696485,0.007671476511041632,0.024753205025835237,0.08604073050497392,0.24417572603686943
Japan,DV_hh_lsplus,-0.006447071661675703,0.099415032577383,,0.1015122736644613,1.0,0.3340205235664836,-0.0015441337288647052,0.20611909015217103,-0.02395239843346685,-0.022869897166894367
Japan,DV_pvd_lsplus,-0.07180453815489023,0.18854230980933012,,0.04707602413696485,0.3340205235664836,1.0,0.13041226326296157,0.20845581456551127,-0.20656302279622007,-0.09990492086854186
Japan,IV_lendingplus,-0.03150122745807456,0.06452726358869339,,0.007671476511041632,-0.0015441337288647052,0.13041226326296157,1.0,0.3286401120707607,-0.013675719959248165,-0.012845085003972282
Japan,IV_gov_expplus,-0.09627099387071864,0.10897350836008055,,0.024753205025835237,0.20611909015217103,0.20845581456551127,0.3286401120707607,1.0,-0.07636427512339825,0.05616225297910193
Japan,IV_trade_balanceplus,0.11941325974012086,-0.07092776926019254,,0.08604073050497392,-0.02395239843346685,-0.20656302279622007,-0.013675719959248165,-0.07636427512339825,1.0,-0.12171585862523845
Japan,IV_fdi_outflowplus,0.16458380675404488,-0.008741122038522734,,0.24417572603686943,-0.022869897166894367,-0.09990492086854186,-0.012845085003972282,0.05616225297910193,-0.12171585862523845,1.0
Korea,DV_VAplus,1.0,0.05020670769495764,,-0.03140449443642336,-0.01423578629137167,0.08747787248775721,0.07233155363313831,0.006444848906031866,3.321515293093194e-05,-0.020025020241397646
Korea,DV_domestic_creditplus,0.05020670769495764,1.0,,-0.029910149347706607,0.22864168396860943,0.21896818212255964,0.028042291801598423,0.38557416065712147,-0.05253913345276091,-0.019929628680312304
Korea,DV_nonfinanceplus,,,,,,,,,,
Korea,DV_nfc_ls,-0.03140449443642336,-0.029910149347706607,,1.0,-0.11918895962558061,0.07555955149775415,0.042745194751448855,0.11284818665922149,0.02874053391722393,-0.10483754498811414
Korea,DV_hh_lsplus,-0.01423578629137167,0.22864168396860943,,-0.11918895962558061,1.0,0.8802313255910668,0.03241230476210476,0.2438701825125368,-0.007697441153267621,-0.06163423653541357
Korea,DV_pvd_lsplus,0.08747787248775721,0.21896818212255964,,0.07555955149775415,0.8802313255910668,1.0,0.010484870456380288,0.16502809362824458,-0.03786613211871992,0.004186292080636936
Korea,IV_lendingplus,0.07233155363313831,0.028042291801598423,,0.042745194751448855,0.03241230476210476,0.010484870456380288,1.0,0.029682412709129087,0.055176243254017515,0.10099197766481037
Korea,IV_gov_expplus,0.006444848906031866,0.38557416065712147,,0.11284818665922149,0.2438701825125368,0.16502809362824458,0.029682412709129087,1.0,-0.07149387510561563,0.09624229277419777
Korea,IV_trade_balanceplus,3.321515293093194e-05,-0.05253913345276091,,0.02874053391722393,-0.007697441153267621,-0.03786613211871992,0.055176243254017515,-0.07149387510561563,1.0,0.03755280407361567
Korea,IV_fdi_outflowplus,-0.020025020241397646,-0.019929628680312304,,-0.10483754498811414,-0.06163423653541357,0.004186292080636936,0.10099197766481037,0.09624229277419777,0.03755280407361567,1.0
Mexico,DV_VAplus,1.0,0.06462252055780073,,-0.44132093783232385,0.27601088751449065,0.13071473052141325,-0.050540888966339986,-0.3265593309914652,0.03934787947914509,0.026390867970344182
